# Age, Mass, Correction
   6.40000    4.65600    1.40330
   6.60000    5.16100    1.12047
   6.70000    4.50900    1.36777
   6.40000    4.22300    2.21811
   6.70000    4.74400    1.54216
   6.60000    4.06000    2.97260
   6.30000    4.24100    1.85368
   6.70000    4.66600    2.56918
   8.40000    6.14000    1.28382
  10.00000    7.76100    1.04822
   7.80000    5.78100    1.19129
   8.40000    6.26600    1.27490
   9.20000    5.91200    1.39420
   6.70000    4.67100    2.06899
   7.80000    5.44400    1.44261
   7.60000    5.41800    2.13097
   6.70000    5.26200    1.42553
   6.70000    4.16900    2.12937
   5.90000    4.33300    3.45255
   6.70000    5.09900    1.11205
   6.70000    4.57300    1.53819
   6.50000    4.90100    1.39905
   6.80000    5.65400        nan
   6.00000    4.65500    1.32740
   6.60000    5.08500        nan
   9.90000    7.28400    1.71034
   6.70000    6.05300    1.49994
   6.70000    4.45800    1.71910
   9.60000    6.43900    1.41243
   6.30000    5.17300        nan
   6.70000    5.35700    1.54264
   6.50000    4.93100    1.44567
   6.70000    5.52900        nan
   6.80000    6.42600    1.64650
   6.70000    6.13200    1.00471
   6.70000    6.25000    1.60855
   6.70000    5.39200    1.18924
   6.50000    5.37000    1.49559
   6.80000    6.95700    1.32457
   6.50000    5.50400    1.03413
   6.70000    6.71100    1.35792
   6.70000    5.72000    1.26384
   6.70000    6.37300    1.45430
   7.80000    7.94900    1.31018
   6.80000    7.04600    1.51736
   6.80000    7.12300    1.47919
   6.60000    5.80700    1.10618
   6.50000    5.08000    1.36680
   6.70000    4.66900    1.25837
   6.70000    6.35100    1.65845
   6.70000    6.86600    1.59893
   6.70000    6.05500    1.49470
   6.70000    6.05500    1.49470
   6.60000    5.17400    1.22689
   6.70000    6.29500    1.04820
   6.70000    6.17000    1.01250
   6.70000    6.18600    1.40226
   6.70000    6.05900    1.00129
   6.70000    6.51600    1.46831
   6.80000    5.17400    1.18090
   6.70000    6.23100        nan
   6.70000    6.16600    1.35464
   6.70000    5.86600    1.91171
   7.20000    6.05400    1.56268
   6.10000    5.29800    1.13412
   6.70000    6.13900    1.75989
   6.80000    6.62200        nan
   6.70000    6.13900    1.75989
   6.80000    6.81400    1.53493
   6.70000    6.40500    1.77144
   6.50000    5.65200    1.02933
   6.80000    5.21900    1.09931
   6.70000    6.73600    1.09330
   7.80000    5.93100    1.17827
   6.70000    6.29600    1.75722
   6.60000    6.34000        nan
   6.70000    4.30100    1.73249
   6.70000    5.92300    1.10998
   6.70000    4.37300    1.83624
   6.40000    4.61100    1.32979
   6.70000    6.42000        nan
   6.70000    5.98900        nan
   6.70000    6.19500        nan
   6.80000    4.80400    1.08788
   6.70000    6.16200    1.89291
   8.00000    5.96000    1.28212
   6.70000    5.77300    1.08871
   6.70000    5.74100    1.04481
   7.80000    5.98700    1.11411
   6.70000    5.77300    1.08871
   6.70000    5.10600    1.55980
   6.80000    5.74300    1.82859
   6.60000    5.17200    1.38536
   6.80000    6.05100    1.08785
   6.30000    6.09200    1.00174
   6.50000    5.58600    1.17134
   6.70000    5.32000    1.51238
   6.60000    5.39300    1.25700
   6.70000    4.87200    1.20522
   6.50000    5.84400    1.04636
   6.50000    4.14100    3.68603
   6.50000    5.09500    1.85124
   6.40000    4.89100        nan
   6.50000    5.23400    1.61231
   6.70000    5.50000    1.45813
   8.00000    5.70500    1.41610
   6.70000    5.95900    1.11554
   6.70000    5.95900    1.11554
   6.70000    5.35100    1.23165
   9.00000    5.47700        nan
   6.50000    5.07200    1.80442
   6.70000    5.12200    1.62547
   6.70000    5.13300    1.40392
   6.70000    4.69500    2.04177
   6.50000    4.76500    1.71585
   6.50000    4.64800    1.36847
   6.40000    5.04500    1.32095
   5.90000    4.42300    1.78960
   7.40000    5.45700    1.14233
   6.70000    4.96200    1.28340
   7.60000    5.72100    1.17173
   9.30000    7.51000    1.02273
   8.40000    5.56200    1.39464
   8.20000    5.05900    2.46249
   7.80000    6.09900    1.09290
   6.70000    5.79500    1.17461
   6.60000    5.80000    1.43948
   6.80000    5.88500    1.08244
   6.70000    4.99000    1.36262
   6.80000    5.30400    1.14415
   6.50000    5.57900    1.05820
   6.70000    6.48600    1.92838
   6.70000    5.22700    1.39218
   6.70000    4.60700    1.79138
